version https://git-lfs.github.com/spec/v1
oid sha256:5e8c22b30e4fad4a9f310726be73537e5f33212747cdf4feaebb1f8633c53baa
size 10497
